         0          0          0          0          0          0          0          0      1e-05       0.01        0.6      0.001     0.0005       0.95        0.2      0.139        0.2      0.528       1.11        1.2       1.07      0.994        0.7          2          2          0     0.0124        0.7      0.407          0      0.131      0.499          0          0          0      0.549          0
         0          0          0          0          0          0          0          0      1e-05       0.01        0.6      0.001      0.001    0.00111    0.00027      0.144        0.2        0.5      0.407        0.5        0.8      0.933        0.7          2          2        0.1      0.122          0     0.0167      0.663       0.29          0      0.001    0.00133          0          0          0
         0          0          0          0          0          0          0          0      1e-05       0.01        0.6      0.001    0.00101    0.00084    0.00108       0.02        0.2        0.5      0.437      0.583      0.582        0.5      0.568          2          2        0.1     0.0975     0.0938      0.111     0.0882          0     0.0146      0.001    0.00116          0    0.00081    0.00095
         0          0          0          0          0          0          0          0      1e-05       0.01        0.6      0.001    0.00101      0.001    0.00104       0.02      0.201        0.5      0.494        0.5      0.524      0.913        0.7          2          2        0.1     0.0965      0.099          0     0.0157      0.663      0.448          0      0.001      0.001          0          0
         0          0          0          0          0          0          0          0      1e-05       0.01        0.6      0.001    0.00102    0.00087    0.00105       0.02        0.2        0.5      0.581      0.512      0.603      0.513      0.568          2          2        0.1        0.1      0.104      0.111      0.109          0     0.0157      0.001    0.00111          0    0.00108    0.00107
         0          0          0          0          0          0          0          0      1e-05       0.01        0.6      0.001    0.00103    0.00088    0.00058       0.02        0.2        0.5      0.508        0.5      0.494      0.549        0.7          2          2        0.1     0.0927      0.116     0.0905          0     0.0154      0.597      0.001          0    0.00097    0.00103          0
         0          0          0          0          0          0          0          0      1e-05       0.01        0.6      0.001    0.00103    0.00089    0.00108       0.02        0.2        0.5      0.483      0.528      0.482        0.5      0.568          2          2        0.1     0.0948     0.0938      0.102     0.0988          0     0.0144      0.001    0.00103          0    0.00099    0.00092
         0          0          0          0          0          0          0          0      1e-05       0.01        0.6      0.001    0.00103    0.00089    0.00114       0.02        0.2        0.5      0.511      0.583      0.542        0.5      0.568          2          2        0.1      0.107      0.101      0.111     0.0924          0     0.0146      0.001      0.001          0    0.00094    0.00091
         0          0          0          0          0          0          0          0      1e-05       0.01        0.6      0.001    0.00103    0.00096    0.00109       0.02        0.2        0.5      0.551      0.513      0.563        0.5      0.568          2          2        0.1     0.0957     0.0985      0.126     0.0996          0     0.0171      0.001    0.00101          0    0.00108    0.00101
         0          0          0          0          0          0          0          0      1e-05       0.01        0.6      0.001    0.00103    0.00096    0.00117       0.02        0.2        0.5      0.555        0.5      0.539        0.5      0.568          2          2        0.1        0.1     0.0771      0.102      0.131          0     0.0106      0.001    0.00115          0    0.00097    0.00074
         0          0          0          0          0          0          0          0      1e-05       0.01        0.6      0.001    0.00103    0.00105    0.00057       0.02        0.2        0.5      0.497        0.5      0.518        0.5        0.7          2          2        0.1      0.103      0.111     0.0785          0     0.0146      0.576      0.001          0    0.00097      0.001          0
         0          0          0          0          0          0          0          0      1e-05       0.01        0.6      0.001    0.00104    0.00046        0.2        0.2        0.2        0.5      0.447      0.915      0.945       1.19        0.7          2          2        0.1          0     0.0153        0.7      0.439          0     0.0875      0.001          0          0          0      0.606
         0          0          0          0          0          0          0          0      1e-05       0.01        0.6      0.001    0.00104    0.00079    0.00064       0.02        0.2        0.5      0.476        0.5      0.518      0.651        0.7          2          2        0.1     0.0914      0.116      0.098          0     0.0125      0.535      0.001          0    0.00097    0.00138          0
         0          0          0          0          0          0          0          0      1e-05       0.01        0.6      0.001    0.00104    0.00098    0.00107       0.02        0.2        0.5      0.497        0.5      0.482        0.5      0.568          2          2        0.1        0.1     0.0883      0.111     0.0951          0     0.0137      0.001    0.00093          0    0.00097    0.00089
         0          0          0          0          0          0          0          0      1e-05       0.01        0.6      0.001    0.00105     0.0009    0.00057       0.02        0.2        0.5      0.456        0.5      0.518      0.568        0.7          2          2        0.1      0.101       0.12     0.0774          0     0.0143      0.579      0.001          0    0.00097      0.001          0
         0          0          0          0          0          0          0          0      1e-05       0.01        0.6      0.001    0.00106     0.0009    0.00044       0.02        0.2        0.5      0.546        0.5      0.518        0.5        0.7          2          2        0.1      0.104      0.106     0.0948          0     0.0121      0.576      0.001          0    0.00097    0.00094          0
         0          0          0          0          0          0          0          0      1e-05       0.01        0.6      0.001    0.00108    0.00088    0.00092       0.02        0.2        0.5      0.472      0.513      0.603        0.5      0.568          2          2        0.1        0.1      0.111      0.102     0.0996          0     0.0146      0.001    0.00097          0    0.00105    0.00096
         0          0          0          0          0          0          0          0      1e-05       0.01        0.6      0.001     0.0011    0.00097    0.00112       0.02        0.2        0.5      0.501        0.5      0.291        0.5      0.568          2          2        0.1        0.1     0.0929     0.0902      0.121          0     0.0136      0.001    0.00096          0    0.00109    0.00092
         0          0          0          0          0          0          0          0      1e-05       0.01        0.6      0.001    0.00125    0.00089    0.00105       0.02        0.2        0.5        0.5      0.513      0.449        0.5      0.568          2          2        0.1        0.1     0.0938      0.111     0.0996          0     0.0124      0.001    0.00108          0    0.00037    0.00096
         0          0          0          0          0          0          0          0      1e-05     0.0105        0.6      0.001    0.00051       0.95        0.2      0.118        0.2      0.515       1.27       1.01          1      0.871        0.7          2          2          0     0.0163      0.732      0.382          0      0.101      0.477          0          0          0        0.5          0
         0          0          0          0          0          0          0          0      1e-05       0.01        0.6      0.001      0.001    0.00105    0.00091       0.02        0.2        0.5        0.5      0.553      0.508      0.503        0.5          2          2        0.1     0.0985     0.0966     0.0915       0.11     0.0972          0      0.001      0.001      0.001          0    0.00093
         0          0          0          0          0          0          0          0      1e-05       0.01        0.6      0.001      0.001    0.00104    0.00046        0.2        0.2        0.5        0.5        0.5      0.913      0.949        0.7          2          2        0.1        0.1          0     0.0154      0.699      0.442          0      0.001      0.001          0          0          0
         0          0          0          0          0          0          0          0      1e-05       0.01        0.6      0.001      0.001    0.00099     0.0012       0.02        0.2        0.5      0.429      0.531      0.464        0.5      0.568          2          2        0.1      0.119     0.0886      0.109      0.112          0     0.0144      0.001    0.00096          0    0.00097    0.00096
         0          0          0          0          0          0          0          0      1e-05       0.01        0.6      0.001      0.001    0.00094    0.00109       0.02        0.2        0.5      0.489      0.534      0.502        0.5      0.568          2          2        0.1     0.0954     0.0846      0.104      0.086          0     0.0131      0.001    0.00096          0    0.00097    0.00098
         0          0          0          0          0          0          0          0      1e-05       0.01        0.6      0.001    0.00051       0.95        0.2      0.101        0.2        0.5      0.987          1          1      0.837        0.7          2          2          0     0.0152      0.707      0.406          0     0.0987      0.508          0          0          0        0.5          0
         0          0          0          0          0          0          0          0      1e-05       0.01        0.6      0.001    0.00057       0.95        0.2     0.0849        0.2       0.56      0.836       1.12       1.49      0.666        0.7          2          2          0      0.015      0.595      0.336          0     0.0757      0.363          0          0          0      0.515          0
         0          0          0          0          0          0          0          0      1e-05       0.01        0.6      0.001    0.00083    0.00096    0.00089       0.02        0.2        0.5      0.447        0.5       0.55      0.561        0.7          2          2        0.1     0.0975      0.119      0.087          0      0.017      0.726      0.001          0    0.00108      0.001          0
         0          0          0          0          0          0          0          0      1e-05       0.01        0.6      0.001    0.00089    0.00105    0.00047       0.02        0.2        0.5      0.513        0.5      0.437      0.568        0.7          2          2        0.1     0.0938      0.111     0.0996          0     0.0146      0.519      0.001          0    0.00097    0.00096          0
         0          0          0          0          0          0          0          0      1e-05       0.01        0.6      0.001     0.0009    0.00057    0.00104       0.02      0.252        0.5      0.371      0.518      0.568       1.41        0.7          2          2        0.1      0.111     0.0914          0     0.0146      0.579      0.338          0    0.00097      0.001          0          0
         0          0          0          0          0          0          0          0      1e-05       0.01        0.6      0.001    0.00092    0.00099    0.00041      0.189        0.2        0.5      0.518        0.5       1.41      0.828        0.7          2          2        0.1     0.0914          0     0.0146      0.753      0.396          0      0.001      0.001          0          0          0
         0          0          0          0          0          0          0          0      1e-05       0.01        0.6      0.001    0.00093    0.00084    0.00068       0.02        0.2        0.5      0.484        0.5      0.541      0.574        0.7          2          2        0.1      0.103      0.113     0.0807          0     0.0136      0.538      0.001          0    0.00097     0.0009          0
         0          0          0          0          0          0          0          0      1e-05       0.01        0.6      0.001    0.00095    0.00086    0.00097       0.02        0.2        0.5      0.508      0.523      0.574        0.5      0.568          2          2        0.1      0.104      0.089      0.107     0.0977          0     0.0156      0.001      0.001          0    0.00088    0.00097
         0          0          0          0          0          0          0          0      1e-05       0.01        0.6      0.001    0.00096     0.0011    0.00087       0.02        0.2        0.5      0.477      0.531      0.495      0.913        0.7          2          2        0.1      0.105     0.0947          0      0.017      0.726      0.442          0    0.00108      0.001          0          0
         0          0          0          0          0          0          0          0      1e-05     0.0108        0.6      0.001     0.0005       0.95        0.2     0.0832        0.2      0.545      0.918       1.02       1.14      0.761        0.7          2          2          0      0.015        0.7        0.4          0      0.103      0.473          0          0          0      0.504          0
         0          0          0          0          0          0          0          0      1e-05       0.01        0.6      0.001    0.00097    0.00093    0.00109       0.02        0.2        0.5      0.425        0.5        0.5        0.5      0.568          2          2        0.1      0.104      0.104      0.111     0.0988          0     0.0146      0.001    0.00092          0    0.00091    0.00104
         0          0          0          0          0          0          0          0      1e-05       0.01        0.6      0.001      0.001    0.00033        0.2      0.139        0.2        0.5      0.401       1.41      0.916      0.988        0.7          2          2        0.1          0     0.0148      0.753      0.396          0      0.095      0.001          0          0          0      0.676
         0          0          0          0          0          0          0          0      1e-05       0.01        0.6      0.001      0.001    0.00076    0.00105       0.02        0.2        0.5      0.531        0.5      0.526        0.5      0.568          2          2        0.1     0.0995      0.102      0.112     0.0874          0     0.0137      0.001    0.00102          0    0.00091    0.00091
         0          0          0          0          0          0          0          0      1e-05       0.01        0.6      0.001      0.001     0.0008    0.00057       0.02        0.2        0.5      0.498        0.5      0.518      0.529        0.7          2          2        0.1        0.1      0.111      0.098          0     0.0169      0.518      0.001          0    0.00097    0.00102          0
         0          0          0          0          0          0          0          0      1e-05       0.01        0.6      0.001      0.001    0.00089    0.00105       0.02        0.2        0.5      0.498      0.514        0.5        0.5      0.568          2          2        0.1     0.0998     0.0938      0.111     0.0998          0     0.0146      0.001      0.001          0    0.00097    0.00096
         0          0          0          0          0          0          0          0      1e-05       0.01        0.6      0.001      0.001    0.00089    0.00105       0.02        0.2        0.5      0.498      0.516      0.501        0.5      0.568          2          2        0.1        0.1     0.0938      0.111        0.1          0     0.0146      0.001      0.001          0    0.00097    0.00095
         0          0          0          0          0          0          0          0      1e-05       0.01        0.6      0.001      0.001     0.0009    0.00056       0.02        0.2        0.5      0.496        0.5      0.518      0.571        0.7          2          2        0.1      0.104       0.11     0.0895          0     0.0166      0.649      0.001          0    0.00097      0.001          0
         0          0          0          0          0          0          0          0      1e-05       0.01        0.6      0.001      0.001     0.0009    0.00105       0.02        0.2        0.5      0.536      0.513      0.512        0.5      0.568          2          2        0.1     0.0937     0.0964      0.104      0.106          0     0.0157      0.001    0.00094          0    0.00104    0.00102
         0          0          0          0          0          0          0          0      1e-05       0.01        0.6      0.001      0.001    0.00091    0.00027        0.2        0.2        0.5        0.5        0.5       1.42      0.955        0.7          2          2        0.1     0.0925          0     0.0178      0.607      0.463          0      0.001    0.00116          0          0          0
         0          0          0          0          0          0          0          0      1e-05       0.01        0.6      0.001      0.001    0.00091    0.00076       0.02        0.2        0.5      0.491        0.5      0.464        0.5        0.7          2          2        0.1     0.0903      0.132     0.0742          0     0.0138      0.579      0.001          0    0.00097    0.00098          0
         0          0          0          0          0          0          0          0      1e-05       0.01        0.6      0.001    0.00098     0.0009    0.00106       0.02        0.2        0.5      0.521      0.508        0.5        0.5      0.568          2          2        0.1     0.0967     0.0915      0.106     0.0963          0     0.0148      0.001      0.001          0    0.00094    0.00095
         0          0          0          0          0          0          0          0       0.01        0.2      0.937     0.0005          3        0.8        0.1        0.1        0.5          1          1          1        0.8          1        0.2          4          0      0.015        0.7        0.4          0        0.1        0.5          0          0          0        0.5          0          0
